c = [32/(3.2)^2; sind(35)^2; 6.1; log(29)^2; 0.00552; log(29)^2; 133]