q5 = zeros(1,9);
q5(9) = 7.5