r = [3, 4*2.55, 68/16, 45, nthroot(110,3), cosd(25), 0.05]