a = [7, 2 -3, 1, 0];
b = [-3, 10, 0, 7, -2];
c = [1, 0, 4, -6, 5];

m = [a(1:3); b(1:3); c(1:3)]